[gd_scene load_steps=72 format=2]

[ext_resource path="res://level_geo.tscn" type="PackedScene" id=1]
[ext_resource path="res://Environment/bubbles.tscn" type="PackedScene" id=2]
[ext_resource path="res://Player/player.tscn" type="PackedScene" id=3]
[ext_resource path="res://GameObjects/Static/Bed 2.tscn" type="PackedScene" id=4]
[ext_resource path="res://GameObjects/Static/Bed 1.tscn" type="PackedScene" id=5]
[ext_resource path="res://GameObjects/Static/Locker.tscn" type="PackedScene" id=6]
[ext_resource path="res://GameObjects/Static/Lockbox.tscn" type="PackedScene" id=7]
[ext_resource path="res://GameObjects/Static/Cabin Ladder.tscn" type="PackedScene" id=8]
[ext_resource path="res://GameObjects/Static/Table.tscn" type="PackedScene" id=9]
[ext_resource path="res://GameObjects/Static/Bar.tscn" type="PackedScene" id=10]
[ext_resource path="res://GameObjects/Static/Sink.tscn" type="PackedScene" id=11]
[ext_resource path="res://GameObjects/Static/Oven.tscn" type="PackedScene" id=12]
[ext_resource path="res://GameObjects/Static/Fridge.tscn" type="PackedScene" id=13]
[ext_resource path="res://GameObjects/Static/Boiler.tscn" type="PackedScene" id=14]
[ext_resource path="res://GameObjects/Static/Dial (small).tscn" type="PackedScene" id=15]
[ext_resource path="res://GameObjects/Static/Dial (large).tscn" type="PackedScene" id=16]
[ext_resource path="res://GameObjects/Static/Pipe (Cut).tscn" type="PackedScene" id=17]
[ext_resource path="res://GameObjects/Static/Helm Chair.tscn" type="PackedScene" id=18]
[ext_resource path="res://GameObjects/Static/Captains Desk.tscn" type="PackedScene" id=19]
[ext_resource path="res://GameObjects/Static/Captains Journal.tscn" type="PackedScene" id=20]
[ext_resource path="res://GameObjects/Static/Terminal.tscn" type="PackedScene" id=21]
[ext_resource path="res://GameObjects/Static/Picture Frame.tscn" type="PackedScene" id=22]
[ext_resource path="res://GameObjects/Static/Console.tscn" type="PackedScene" id=23]
[ext_resource path="res://GameObjects/Static/Floor Hatch.tscn" type="PackedScene" id=24]
[ext_resource path="res://GameObjects/Static/Console (corner).tscn" type="PackedScene" id=25]
[ext_resource path="res://GameObjects/Static/Crate (small).tscn" type="PackedScene" id=26]
[ext_resource path="res://GameObjects/Static/Barrel (Oil).tscn" type="PackedScene" id=27]
[ext_resource path="res://GameObjects/Static/Pipe Group (Straight).tscn" type="PackedScene" id=28]
[ext_resource path="res://GameObjects/Static/Torpedo Tube.tscn" type="PackedScene" id=29]
[ext_resource path="res://GameObjects/Static/Caution Sign.tscn" type="PackedScene" id=30]
[ext_resource path="res://GameObjects/Static/Crate (large).tscn" type="PackedScene" id=31]
[ext_resource path="res://GameObjects/Static/Create (xlarge).tscn" type="PackedScene" id=32]
[ext_resource path="res://GameObjects/Static/Barrel.tscn" type="PackedScene" id=33]
[ext_resource path="res://GameObjects/Static/Crate (long).tscn" type="PackedScene" id=34]
[ext_resource path="res://GameObjects/Static/Crate (medium).tscn" type="PackedScene" id=35]
[ext_resource path="res://GameObjects/Static/Mechanical Arm.tscn" type="PackedScene" id=36]
[ext_resource path="res://GameObjects/Static/Oar.tscn" type="PackedScene" id=37]
[ext_resource path="res://GameObjects/Static/Engine (body).tscn" type="PackedScene" id=38]
[ext_resource path="res://GameObjects/Static/Engine (rotary).tscn" type="PackedScene" id=39]
[ext_resource path="res://GameObjects/Static/Engine Console.tscn" type="PackedScene" id=40]
[ext_resource path="res://GameObjects/Static/Engine Ladder.tscn" type="PackedScene" id=41]
[ext_resource path="res://GameObjects/Static/Mug.tscn" type="PackedScene" id=42]
[ext_resource path="res://GameObjects/Static/NewsPaper.tscn" type="PackedScene" id=43]
[ext_resource path="res://GameObjects/Static/Light Fixture.tscn" type="PackedScene" id=44]
[ext_resource path="res://GameObjects/Static/Warning Light.tscn" type="PackedScene" id=45]
[ext_resource path="res://GameObjects/Static/Power Sign.tscn" type="PackedScene" id=46]
[ext_resource path="res://GameObjects/Static/Ceiling Bit.tscn" type="PackedScene" id=47]
[ext_resource path="res://GameObjects/Static/Paper.tscn" type="PackedScene" id=48]
[ext_resource path="res://GameObjects/Static/Screwdriver.tscn" type="PackedScene" id=49]
[ext_resource path="res://GameObjects/Static/Torus.tscn" type="PackedScene" id=50]
[ext_resource path="res://GameObjects/Static/Captains Hat.tscn" type="PackedScene" id=51]
[ext_resource path="res://GameObjects/Static/Pillow (large).tscn" type="PackedScene" id=52]
[ext_resource path="res://GameObjects/Static/Pillow (small).tscn" type="PackedScene" id=53]
[ext_resource path="res://GameObjects/Static/Booth Seat.tscn" type="PackedScene" id=54]
[ext_resource path="res://GameObjects/interactable/Torpedo Rack.tscn" type="PackedScene" id=55]
[ext_resource path="res://GameObjects/interactable/Torpedo Hatch.tscn" type="PackedScene" id=56]
[ext_resource path="res://GameObjects/interactable/Torpedo Button.tscn" type="PackedScene" id=57]
[ext_resource path="res://GameObjects/interactable/Steering.tscn" type="PackedScene" id=58]
[ext_resource path="res://GameObjects/interactable/Vent.tscn" type="PackedScene" id=59]
[ext_resource path="res://GameObjects/interactable/Valve 1.tscn" type="PackedScene" id=60]
[ext_resource path="res://GameObjects/interactable/Valve 3.tscn" type="PackedScene" id=61]
[ext_resource path="res://GameObjects/interactable/Valve 2.tscn" type="PackedScene" id=62]
[ext_resource path="res://GameObjects/interactable/Keyboard.tscn" type="PackedScene" id=63]
[ext_resource path="res://GameObjects/Static/Wheel.tscn" type="PackedScene" id=64]
[ext_resource path="res://GameObjects/interactable/Soda.tscn" type="PackedScene" id=65]
[ext_resource path="res://GameObjects/interactable/Plate.tscn" type="PackedScene" id=66]
[ext_resource path="res://GameObjects/interactable/Eletrical Locker.tscn" type="PackedScene" id=67]
[ext_resource path="res://GameObjects/Static/Knife.tscn" type="PackedScene" id=68]
[ext_resource path="res://GameObjects/Static/Plates (Stacked).tscn" type="PackedScene" id=69]
[ext_resource path="res://GameObjects/Static/Pan.tscn" type="PackedScene" id=70]
[ext_resource path="res://GameObjects/interactable/Tomato.tscn" type="PackedScene" id=71]

[node name="main_scene" type="Spatial"]

[node name="Level" parent="." instance=ExtResource( 1 )]
transform = Transform( 1, 0, 0, 0, 1, 0, 0, 0, 1, -0.00441456, 0.00946379, -0.00859217 )

[node name="Bubbles" type="Node" parent="."]

[node name="bubbles" parent="Bubbles" instance=ExtResource( 2 )]
transform = Transform( 0.996333, 0.085556, 0, -0.085556, 0.996333, 0, 0, 0, 1, 33.9533, -15.6014, -3.31634 )

[node name="bubbles2" parent="Bubbles" instance=ExtResource( 2 )]
transform = Transform( 0.993733, 0.111781, 0, -0.111781, 0.993733, 0, 0, 0, 1, 31.7428, -15.6014, -15.9476 )

[node name="bubbles3" parent="Bubbles" instance=ExtResource( 2 )]
transform = Transform( 0.993733, 0.111781, 0, -0.111781, 0.993733, 0, 0, 0, 1, 36.7428, -15.6014, 11.0524 )

[node name="bubbles4" parent="Bubbles" instance=ExtResource( 2 )]
transform = Transform( 0.993733, 0.111781, 0, -0.111781, 0.993733, 0, 0, 0, 1, -3.993, -15.6014, 17.5259 )

[node name="bubbles5" parent="Bubbles" instance=ExtResource( 2 )]
transform = Transform( 0.993733, 0.111781, 0, -0.111781, 0.993733, 0, 0, 0, 1, 18.9011, -15.6014, 21.4732 )

[node name="bubbles6" parent="Bubbles" instance=ExtResource( 2 )]
transform = Transform( 0.993733, 0.111781, 0, -0.111781, 0.993733, 0, 0, 0, 1, 7.05935, -15.6014, -18.631 )

[node name="bubbles7" parent="Bubbles" instance=ExtResource( 2 )]
transform = Transform( 0.993733, 0.111781, 0, -0.111781, 0.993733, 0, 0, 0, 1, -15.8348, -15.6014, -39.1568 )

[node name="bubbles8" parent="Bubbles" instance=ExtResource( 2 )]
transform = Transform( 0.993733, 0.111781, 0, -0.111781, 0.993733, 0, 0, 0, 1, 31.21, -53.0065, 13.4183 )

[node name="bubbles10" parent="Bubbles" instance=ExtResource( 2 )]
transform = Transform( 0.993733, 0.111781, 0, -0.111781, 0.993733, 0, 0, 0, 1, 63.4263, -15.6014, 32.9992 )

[node name="bubbles11" parent="Bubbles" instance=ExtResource( 2 )]
transform = Transform( 0.993733, 0.111781, 0, -0.111781, 0.993733, 0, 0, 0, 1, 55.8475, -24.9842, -23.8414 )

[node name="bubbles9" parent="Bubbles" instance=ExtResource( 2 )]
transform = Transform( 0.999067, 0.0431835, 0, -0.0431835, 0.999067, 0, 0, 0, 1, -9.84166, -16.3723, -18.9253 )

[node name="player" parent="." instance=ExtResource( 3 )]

[node name="Static Objects" type="Node" parent="."]

[node name="Cabin 1" type="Node" parent="Static Objects"]

[node name="Bed 1" parent="Static Objects/Cabin 1" instance=ExtResource( 4 )]
transform = Transform( 1, 0, 0, 0, 1, 0, 0, 0, 1, 1.73431, 0.891372, -1.84041 )

[node name="Pillow (small)" parent="Static Objects/Cabin 1/Bed 1" instance=ExtResource( 53 )]
transform = Transform( 0.984926, 0, 0.172978, 0, 1, 0, -0.172978, 0, 0.984926, -0.234341, -0.792228, -0.828649 )

[node name="Pillow (large)" parent="Static Objects/Cabin 1/Bed 1" instance=ExtResource( 52 )]
transform = Transform( 0.984926, 0, 0.172978, 0, 1, 0, -0.172978, 0, 0.984926, -0.249684, 0.18329, -1.02007 )

[node name="Bed 2" parent="Static Objects/Cabin 1" instance=ExtResource( 5 )]
transform = Transform( 1, 0, 0, 0, 1, 0, 0, 0, 1, 1.702, 1.96951, -1.87446 )

[node name="Pillow (large)" parent="Static Objects/Cabin 1/Bed 2" instance=ExtResource( 52 )]
transform = Transform( 1, 0, 0, 0, 1, 0, 0, 0, 1, -0.288083, 0.204363, -1.05368 )

[node name="Bed 3" parent="Static Objects/Cabin 1" instance=ExtResource( 4 )]
transform = Transform( -1, 0, -8.74228e-08, 0, 1, 0, 8.74228e-08, 0, -1, -1.68907, 0.891372, 2.01087 )

[node name="Pillow (large)" parent="Static Objects/Cabin 1/Bed 3" instance=ExtResource( 52 )]
transform = Transform( 0.779371, 0, -0.626563, 0, 1, 0, 0.626563, 0, 0.779371, -0.0920302, 0.18329, -0.719104 )

[node name="Pillow (small)" parent="Static Objects/Cabin 1/Bed 3" instance=ExtResource( 53 )]
transform = Transform( 0.860831, 0, 0.508891, 0, 1, 0, -0.508891, 0, 0.860831, -0.345811, 0.167281, -1.02224 )

[node name="Pillow (small)2" parent="Static Objects/Cabin 1/Bed 3" instance=ExtResource( 53 )]
transform = Transform( 0.243361, 0, 0.969936, 0, 1, 0, -0.969936, 0, 0.243361, -0.20604, 1.25515, -0.961079 )

[node name="Bed 4" parent="Static Objects/Cabin 1" instance=ExtResource( 5 )]
transform = Transform( -1, 0, -8.74228e-08, 0, 1, 0, 8.74228e-08, 0, -1, -1.72138, 1.96951, 1.97682 )

[node name="Locker 1" parent="Static Objects/Cabin 1" instance=ExtResource( 6 )]
transform = Transform( 1.19249e-08, 0, -1, 0, 1, 0, 1, 0, 1.19249e-08, -1.70731, 0.837688, -1.75018 )

[node name="Locker 2" parent="Static Objects/Cabin 1" instance=ExtResource( 6 )]
transform = Transform( 1.19249e-08, 0, -1, 0, 1, 0, 1, 0, 1.19249e-08, -1.70023, 0.837688, -2.81099 )

[node name="Locker 3" parent="Static Objects/Cabin 1" instance=ExtResource( 6 )]
transform = Transform( -4.37114e-08, 0, 1, 0, 1, 0, -1, 0, -4.37114e-08, 1.67132, 0.837688, 2.24005 )

[node name="Locker 4" parent="Static Objects/Cabin 1" instance=ExtResource( 6 )]
transform = Transform( -4.37114e-08, 0, 1, 0, 1, 0, -1, 0, -4.37114e-08, 1.66424, 0.837688, 3.30086 )

[node name="Locker 5" parent="Static Objects/Cabin 1" instance=ExtResource( 6 )]
transform = Transform( -4.37114e-08, 0, 1, 0, 1, 0, -1, 0, -4.37114e-08, 1.66424, 0.837688, 3.30086 )

[node name="Lockbox1" parent="Static Objects/Cabin 1" instance=ExtResource( 7 )]
transform = Transform( 0.784809, 0, -0.619738, 0, 1, 0, 0.619738, 0, 0.784809, 1.35956, 0.16877, -1.72552 )

[node name="Lockbox2" parent="Static Objects/Cabin 1" instance=ExtResource( 7 )]
transform = Transform( 0.997803, 0, -0.0662565, 0, 1, 0, 0.0662565, 0, 0.997803, -1.55433, 0.16877, 1.46329 )

[node name="Lockbox3" parent="Static Objects/Cabin 1" instance=ExtResource( 7 )]
transform = Transform( 0.999966, 0, -0.00820297, 0, 1, 0, 0.00820297, 0, 0.999966, -1.71359, 2.18559, -2.0316 )

[node name="Cabin Ladder 1" parent="Static Objects/Cabin 1" instance=ExtResource( 8 )]
transform = Transform( 1, 0, 0, 0, 1, 0, 0, 0, 1, 2.14896, 1.35445, 0.224277 )

[node name="Cabin Ladder 2" parent="Static Objects/Cabin 1" instance=ExtResource( 8 )]
transform = Transform( -1, 0, -8.74228e-08, 0, 1, 0, 8.74228e-08, 0, -1, -2.14591, 1.35999, -0.0697708 )

[node name="Pillow (small)" parent="Static Objects/Cabin 1" instance=ExtResource( 53 )]
transform = Transform( 0.488789, 0, 0.872402, 0, 1, 0, -0.872402, 0, 0.488789, 0.738439, 0.0991443, 0.97299 )

[node name="Cabin 2" type="Node" parent="Static Objects"]

[node name="Bed 1" parent="Static Objects/Cabin 2" instance=ExtResource( 4 )]
transform = Transform( 1, 0, 0, 0, 1, 0, 0, 0, 1, 6.72512, 0.891372, -1.84041 )

[node name="Bed 2" parent="Static Objects/Cabin 2" instance=ExtResource( 5 )]
transform = Transform( 1, 0, 0, 0, 1, 0, 0, 0, 1, 6.69281, 1.96951, -1.87446 )

[node name="Bed 3" parent="Static Objects/Cabin 2" instance=ExtResource( 4 )]
transform = Transform( -1, 0, -8.74228e-08, 0, 1, 0, 8.74228e-08, 0, -1, 3.30174, 0.891372, 2.01087 )

[node name="Pillow (small)" parent="Static Objects/Cabin 2/Bed 3" instance=ExtResource( 53 )]
transform = Transform( 1, 0, 0, 0, 1, 0, 0, 0, 1, -0.404496, 0.16728, -0.715894 )

[node name="Bed 4" parent="Static Objects/Cabin 2" instance=ExtResource( 5 )]
transform = Transform( -1, 0, -8.74228e-08, 0, 1, 0, 8.74228e-08, 0, -1, 3.26943, 1.96951, 1.97682 )

[node name="Pillow (large)" parent="Static Objects/Cabin 2/Bed 4" instance=ExtResource( 52 )]
transform = Transform( 1, 0, 0, 0, 1, 0, 0, 0, 1, -0.376375, 0.206612, -0.91381 )

[node name="Locker 1" parent="Static Objects/Cabin 2" instance=ExtResource( 6 )]
transform = Transform( 1.19249e-08, 0, -1, 0, 1, 0, 1, 0, 1.19249e-08, 3.2835, 0.837688, -1.75018 )

[node name="Locker 2" parent="Static Objects/Cabin 2" instance=ExtResource( 6 )]
transform = Transform( 1.19249e-08, 0, -1, 0, 1, 0, 1, 0, 1.19249e-08, 3.29058, 0.837688, -2.81099 )

[node name="Locker 3" parent="Static Objects/Cabin 2" instance=ExtResource( 6 )]
transform = Transform( -4.37114e-08, 0, 1, 0, 1, 0, -1, 0, -4.37114e-08, 6.66213, 0.837688, 2.24005 )

[node name="Locker 4" parent="Static Objects/Cabin 2" instance=ExtResource( 6 )]
transform = Transform( -4.37114e-08, 0, 1, 0, 1, 0, -1, 0, -4.37114e-08, 6.65505, 0.837688, 3.30086 )

[node name="Lockbox1" parent="Static Objects/Cabin 2" instance=ExtResource( 7 )]
transform = Transform( 0.784809, 0, -0.619738, 0, 1, 0, 0.619738, 0, 0.784809, 6.35037, 0.16877, 1.37321 )

[node name="Lockbox2" parent="Static Objects/Cabin 2" instance=ExtResource( 7 )]
transform = Transform( 0.997803, 0, -0.0662565, 0, 1, 0, 0.0662565, 0, 0.997803, 3.25333, 2.25196, 1.92175 )

[node name="Lockbox3" parent="Static Objects/Cabin 2" instance=ExtResource( 7 )]
transform = Transform( 0.996047, 0, -0.0888248, 0, 1, 0, 0.0888248, 0, 0.996047, 3.99072, 0.161536, -2.0316 )

[node name="Lockbox4" parent="Static Objects/Cabin 2" instance=ExtResource( 7 )]
transform = Transform( 0.0638007, 0, 0.997963, 0, 1, 0, -0.997963, 0, 0.0638007, 4.92954, 0.161536, 3.63398 )

[node name="Cabin Ladder 1" parent="Static Objects/Cabin 2" instance=ExtResource( 8 )]
transform = Transform( 1, 0, 0, 0, 1, 0, 0, 0, 1, 7.13977, 1.35445, 0.224277 )

[node name="Cabin Ladder 2" parent="Static Objects/Cabin 2" instance=ExtResource( 8 )]
transform = Transform( -1, 0, -8.74228e-08, 0, 1, 0, 8.74228e-08, 0, -1, 2.8449, 1.35999, -0.0697708 )

[node name="Pillow (small)" parent="Static Objects/Cabin 2" instance=ExtResource( 53 )]
transform = Transform( 1, 0, 0, 0, 1, 0, 0, 0, 1, 6.43948, 2.18004, -1.51234 )

[node name="Pillow (small)2" parent="Static Objects/Cabin 2" instance=ExtResource( 53 )]
transform = Transform( 1, 0, 0, 0, 1, 0, 0, 0, 1, 6.92457, 1.04146, -1.51234 )

[node name="Pillow (small)3" parent="Static Objects/Cabin 2" instance=ExtResource( 53 )]
transform = Transform( 1, 0, 0, 0, -0.99037, -0.138447, 0, 0.138447, -0.99037, 4.76156, 0.15108, -1.51234 )

[node name="Captain\'s Quarters" type="Node" parent="Static Objects"]

[node name="Captains Bed" parent="Static Objects/Captain\'s Quarters" instance=ExtResource( 5 )]
transform = Transform( 1, 0, 0, 0, 1, 0, 0, 0, 1, 11.7283, 0.647818, -2.09432 )

[node name="Captains Desk" parent="Static Objects/Captain\'s Quarters" instance=ExtResource( 19 )]
transform = Transform( 1, 0, 0, 0, 1, 0, 0, 0, 1, 8.07601, 0.820574, -2.61464 )

[node name="Captains Journal" parent="Static Objects/Captain\'s Quarters" instance=ExtResource( 20 )]
transform = Transform( 0.294424, 0, 0.955675, 0, 1, 0, -0.955675, 0, 0.294424, 8.16886, 1.1623, -2.14152 )

[node name="Terminal" parent="Static Objects/Captain\'s Quarters" instance=ExtResource( 21 )]
transform = Transform( -4.37114e-08, 0, -1, 0, 1, 0, 1, 0, -4.37114e-08, 8.23095, 1.25787, -1.0793 )

[node name="Picture Frame 1" parent="Static Objects/Captain\'s Quarters" instance=ExtResource( 22 )]
transform = Transform( -2, 0, -1.50996e-07, 0, 2, 0, 3.01992e-07, 0, -1, 10.5926, 1.63852, -0.420236 )

[node name="Picture Frame 2" parent="Static Objects/Captain\'s Quarters" instance=ExtResource( 22 )]
transform = Transform( -4.37114e-08, 0, 1, 0, 1, 0, -1, 0, -4.37114e-08, 7.81104, 1.63852, -2.73215 )

[node name="Lockbox" parent="Static Objects/Captain\'s Quarters" instance=ExtResource( 7 )]
transform = Transform( 1, 0, 0, 0, 1, 0, 0, 0, 1, 11.1438, 0.16877, -2.37191 )

[node name="Captains Hat" parent="Static Objects/Captain\'s Quarters" instance=ExtResource( 51 )]
transform = Transform( 0.834963, 0, 0.550306, 0, 1, 0, -0.550306, 0, 0.834963, 11.5526, 0.82782, -1.55377 )

[node name="Pillow (large)" parent="Static Objects/Captain\'s Quarters" instance=ExtResource( 52 )]
transform = Transform( 0.834963, 0, 0.550306, 0, 1, 0, -0.550306, 0, 0.834963, 11.4882, 0.826422, -3.04618 )

[node name="Pillow (large)2" parent="Static Objects/Captain\'s Quarters" instance=ExtResource( 52 )]
transform = Transform( 0.834963, 0, 0.550306, 0, 1, 0, -0.550306, 0, 0.834963, 11.4882, 0.826422, -3.04618 )

[node name="Kitchen Dining" type="Node" parent="Static Objects"]

[node name="Tables" type="Node" parent="Static Objects/Kitchen Dining"]

[node name="Table 1" parent="Static Objects/Kitchen Dining/Tables" instance=ExtResource( 9 )]
transform = Transform( 1, 0, 0, 0, 1, 0, 0, 0, 1, 17.4527, 0.444906, -3.7865 )

[node name="Table 2" parent="Static Objects/Kitchen Dining/Tables" instance=ExtResource( 9 )]
transform = Transform( 1, 0, 0, 0, 1, 0, 0, 0, 1, 17.4527, 0.444906, -0.466759 )

[node name="Table 3" parent="Static Objects/Kitchen Dining/Tables" instance=ExtResource( 9 )]
transform = Transform( -4.37114e-08, 0, 1, 0, 1, 0, -1, 0, -4.37114e-08, 14.7106, 0.376227, 3.37556 )

[node name="Chairs" type="Node" parent="Static Objects/Kitchen Dining"]

[node name="Chair 1" parent="Static Objects/Kitchen Dining/Chairs" instance=ExtResource( 18 )]
transform = Transform( 1, 0, 0, 0, 1, 0, 0, 0, 1, 13.1168, 0.240498, 3.47565 )

[node name="Chair 2" parent="Static Objects/Kitchen Dining/Chairs" instance=ExtResource( 18 )]
transform = Transform( -0.835587, 0, 0.549358, 0, 1, 0, -0.549358, 0, -0.835587, 16.3607, 0.240498, 3.413 )

[node name="Kitchen" type="Node" parent="Static Objects/Kitchen Dining"]

[node name="Bar" parent="Static Objects/Kitchen Dining/Kitchen" instance=ExtResource( 10 )]
transform = Transform( 1, 0, 0, 0, 1, 0, 0, 0, 1, 10.6858, 0.972674, 3.51559 )

[node name="Pipe (Cut)" parent="Static Objects/Kitchen Dining/Kitchen/Bar" instance=ExtResource( 17 )]
transform = Transform( -1, 8.74228e-08, 4.37114e-08, -4.37114e-08, 1.91069e-15, -1, -8.74228e-08, -1, 1.91069e-15, 1.56203, 0.920777, 0.204382 )

[node name="Sink" parent="Static Objects/Kitchen Dining/Kitchen" instance=ExtResource( 11 )]
transform = Transform( 1, 0, 0, 0, 1, 0, 0, 0, 1, 10.6918, 0.659943, 3.78672 )

[node name="Oven" parent="Static Objects/Kitchen Dining/Kitchen" instance=ExtResource( 12 )]
transform = Transform( 1, 0, 0, 0, 1, 0, 0, 0, 1, 9.24228, 1.15868, 3.85728 )

[node name="Fridge" parent="Static Objects/Kitchen Dining/Kitchen" instance=ExtResource( 13 )]
transform = Transform( 1, 0, 0, 0, 1, 0, 0, 0, 1, 8.52839, 1.31102, 1.68947 )

[node name="Boiler" parent="Static Objects/Kitchen Dining/Kitchen" instance=ExtResource( 14 )]
transform = Transform( 1, 0, 0, 0, 1, 0, 0, 0, 1, 10.9649, 0.987755, 0.21288 )

[node name="Dial (small)" parent="Static Objects/Kitchen Dining/Kitchen/Boiler" instance=ExtResource( 15 )]
transform = Transform( 1, 0, 0, 0, 1, 0, 0, 0, 1, 0, 0, 0.439 )

[node name="Dial (large)" parent="Static Objects/Kitchen Dining/Kitchen/Boiler" instance=ExtResource( 16 )]
transform = Transform( 1, 0, 0, 0, 1, 0, 0, 0, 1, 0, 0.490377, 0.430972 )

[node name="Booths" type="Node" parent="Static Objects/Kitchen Dining"]

[node name="Booth Seat" parent="Static Objects/Kitchen Dining/Booths" instance=ExtResource( 54 )]
transform = Transform( 1, 0, 0, 0, 1, 0, 0, 0, 1, 18.5856, 0.449552, -0.465927 )

[node name="Booth Seat2" parent="Static Objects/Kitchen Dining/Booths" instance=ExtResource( 54 )]
transform = Transform( 1, 0, 0, 0, 1, 0, 0, 0, 1, 18.5856, 0.449552, -3.80497 )

[node name="Booth Seat3" parent="Static Objects/Kitchen Dining/Booths" instance=ExtResource( 54 )]
transform = Transform( -1, 0, -8.74228e-08, 0, 1, 0, 8.74228e-08, 0, -1, 16.3881, 0.449552, -0.465927 )

[node name="Booth Seat4" parent="Static Objects/Kitchen Dining/Booths" instance=ExtResource( 54 )]
transform = Transform( -1, 0, -8.74228e-08, 0, 1, 0, 8.74228e-08, 0, -1, 16.3881, 0.449552, -3.80497 )

[node name="Misc" type="Node" parent="Static Objects/Kitchen Dining"]

[node name="NewsPaper" parent="Static Objects/Kitchen Dining/Misc" instance=ExtResource( 43 )]
transform = Transform( -0.526808, 0, 0.849985, 0, 1, 0, -0.849985, 0, -0.526808, 17.2735, 0.589836, -3.88369 )

[node name="Mug" parent="Static Objects/Kitchen Dining/Misc" instance=ExtResource( 42 )]
transform = Transform( 1, 0, 0, 0, 1, 0, 0, 0, 1, 17.1722, 0.641534, 0.441232 )

[node name="Mug2" parent="Static Objects/Kitchen Dining/Misc" instance=ExtResource( 42 )]
transform = Transform( -0.526808, 0, 0.849985, 0, 1, 0, -0.849985, 0, -0.526808, 11.9013, 0.830602, 1.84694 )

[node name="Knife" parent="Static Objects/Kitchen Dining/Misc" instance=ExtResource( 68 )]
transform = Transform( 1, 0, 0, 0, 1, 0, 0, 0, 1, 12.2057, 0.783758, 2.61199 )

[node name="Plates (Stacked)" parent="Static Objects/Kitchen Dining/Misc" instance=ExtResource( 69 )]
transform = Transform( -0.00298456, 0, 0.999996, 0, 1, 0, -0.999996, 0, -0.00298456, 11.6796, 0.904177, 3.98725 )

[node name="Plates (Stacked)4" parent="Static Objects/Kitchen Dining/Misc" instance=ExtResource( 69 )]
transform = Transform( 8.57812e-05, -0.999587, -0.0287415, -0.00298333, -0.0287416, 0.999582, -0.999996, 0, -0.00298456, 12.149, 0.809291, 3.50908 )

[node name="Plates (Stacked)2" parent="Static Objects/Kitchen Dining/Misc" instance=ExtResource( 69 )]
transform = Transform( -0.00298456, 0, 0.999996, 0, 1, 0, -0.999996, 0, -0.00298456, 11.5808, 0.904177, 3.98725 )

[node name="Plates (Stacked)3" parent="Static Objects/Kitchen Dining/Misc" instance=ExtResource( 69 )]
transform = Transform( -0.00298456, 0, 0.999996, 0, 1, 0, -0.999996, 0, -0.00298456, 11.4738, 0.913281, 3.94347 )

[node name="Plates (Stacked)5" parent="Static Objects/Kitchen Dining/Misc" instance=ExtResource( 69 )]
transform = Transform( -0.00298456, 0, 0.999996, 0, 1, 0, -0.999996, 0, -0.00298456, 10.0823, 0.904177, 3.98725 )

[node name="Plates (Stacked)8" parent="Static Objects/Kitchen Dining/Misc" instance=ExtResource( 69 )]
transform = Transform( -0.00298456, 0, 0.999996, 0, 1, 0, -0.999996, 0, -0.00298456, 10.183, 0.904177, 3.98725 )

[node name="Plates (Stacked)6" parent="Static Objects/Kitchen Dining/Misc" instance=ExtResource( 69 )]
transform = Transform( -0.00298456, 0, 0.999996, 0, 1, 0, -0.999996, 0, -0.00298456, 9.98348, 0.904177, 3.98725 )

[node name="Plates (Stacked)7" parent="Static Objects/Kitchen Dining/Misc" instance=ExtResource( 69 )]
transform = Transform( -0.00298456, 0, 0.999996, 0, 1, 0, -0.999996, 0, -0.00298456, 9.87642, 0.913281, 3.94347 )

[node name="Pan" parent="Static Objects/Kitchen Dining/Misc" instance=ExtResource( 70 )]
transform = Transform( 1, 0, 0, 0, 1, 0, 0, 0, 1, 9.02484, 0.849975, 3.73806 )

[node name="Helm" type="Node" parent="Static Objects"]

[node name="Terminal 1" parent="Static Objects/Helm" instance=ExtResource( 21 )]
transform = Transform( 1, 0, 0, 0, 1, 0, 0, 0, 1, -12.6588, 1.25787, -0.368579 )

[node name="Terminal 3" parent="Static Objects/Helm" instance=ExtResource( 21 )]
transform = Transform( -1, 0, -8.74228e-08, 0, 1, 0, 8.74228e-08, 0, -1, -15.0158, 1.25787, -7.65839 )

[node name="Terminal 4" parent="Static Objects/Helm" instance=ExtResource( 21 )]
transform = Transform( -1, 0, -8.74228e-08, 0, 1, 0, 8.74228e-08, 0, -1, -16.041, 1.25787, -7.65839 )

[node name="Terminal 2" parent="Static Objects/Helm" instance=ExtResource( 21 )]
transform = Transform( -4.37114e-08, 0, 1, 0, 1, 0, -1, 0, -4.37114e-08, -6.69328, 1.22818, -1.11847 )

[node name="Console 1" parent="Static Objects/Helm" instance=ExtResource( 23 )]
transform = Transform( 1, 0, 0, 0, 1, 0, 0, 0, 1, -6.63877, 1.32548, -4.13959 )

[node name="Console 2" parent="Static Objects/Helm" instance=ExtResource( 23 )]
transform = Transform( 1, 0, 0, 0, 1, 0, 0, 0, 1, -17.3324, 1.32548, -2.35318 )

[node name="Floor Hatch" parent="Static Objects/Helm" instance=ExtResource( 24 )]
transform = Transform( 1, 0, 0, 0, 1, 0, 0, 0, 1, -11.9796, 0.086198, -3.51948 )

[node name="Console (corner) 1" parent="Static Objects/Helm" instance=ExtResource( 25 )]
transform = Transform( 1, 0, 0, 0, 1, 0, 0, 0, 1, -7.08023, 0.798629, -7.53964 )

[node name="Console (corner) 2" parent="Static Objects/Helm" instance=ExtResource( 25 )]
transform = Transform( -4.37114e-08, 0, 1, 0, 1, 0, -1, 0, -4.37114e-08, -17.4173, 0.798629, -7.24593 )

[node name="Helm Chair 1" parent="Static Objects/Helm" instance=ExtResource( 18 )]
transform = Transform( 1, 0, 0, 0, 1, 0, 0, 0, 1, -15.0008, 0.251975, -2.45509 )

[node name="Helm Chair 2" parent="Static Objects/Helm" instance=ExtResource( 18 )]
transform = Transform( 0.705179, 0, 0.709029, 0, 1, 0, -0.709029, 0, 0.705179, -11.131, 0.251975, -6.34823 )

[node name="Helm Chair 3" parent="Static Objects/Helm" instance=ExtResource( 18 )]
transform = Transform( 0.705179, 0, 0.709029, 0, 1, 0, -0.709029, 0, 0.705179, -13.0603, 0.251975, -6.34823 )

[node name="Helm Chair 4" parent="Static Objects/Helm" instance=ExtResource( 18 )]
transform = Transform( 0.249113, 0, -0.968475, 0, 1, 0, 0.968475, 0, 0.249113, -8.75613, 0.251975, -2.52035 )

[node name="Wheel" parent="Static Objects/Helm" instance=ExtResource( 64 )]
transform = Transform( 1, 0, 0, 0, 1, 0, 0, 0, 1, -13.0461, 0.572557, -6.88647 )

[node name="Wheel2" parent="Static Objects/Helm" instance=ExtResource( 64 )]
transform = Transform( 1, 0, 0, 0, 1, 0, 0, 0, 1, -11.1152, 0.572557, -6.88647 )

[node name="Steering" parent="Static Objects/Helm" instance=ExtResource( 58 )]
transform = Transform( 1, 0, 0, 0, 1, 0, 0, 0, 1, -12.0545, 1.62647, -8.17941 )

[node name="Observation Deck" type="Node" parent="Static Objects"]

[node name="Crate (small) 1" parent="Static Objects/Observation Deck" instance=ExtResource( 26 )]
transform = Transform( 1, 0, 0, 0, 1, 0, 0, 0, 1, 27.4704, -4.28883, 0.424642 )

[node name="Crate (small) 2" parent="Static Objects/Observation Deck" instance=ExtResource( 26 )]
transform = Transform( 0.9807, 0, 0.195518, 0, 1, 0, -0.195518, 0, 0.9807, 29.1244, -4.28883, 0.355267 )

[node name="Barrel (Oil) 1" parent="Static Objects/Observation Deck" instance=ExtResource( 27 )]
transform = Transform( 0.9807, 0, 0.195518, 0, 1, 0, -0.195518, 0, 0.9807, 30.1534, -4.57162, -0.870723 )

[node name="Barrel (Oil) 2" parent="Static Objects/Observation Deck" instance=ExtResource( 27 )]
transform = Transform( 0.9807, 0, 0.195518, 0, 1, 0, -0.195518, 0, 0.9807, 25.7663, -4.57162, -7.23236 )

[node name="Pipe Group 1" type="Node" parent="Static Objects/Observation Deck"]

[node name="Pipe Group (Straight) 1" parent="Static Objects/Observation Deck/Pipe Group 1" instance=ExtResource( 28 )]
transform = Transform( -2, 1.74846e-07, 0, 7.64274e-15, 8.74228e-08, -2, -1.74846e-07, -2, -8.74228e-08, 23.2353, -4.43125, -7.60775 )

[node name="Pipe Group (Straight) 2" parent="Static Objects/Observation Deck/Pipe Group 1" instance=ExtResource( 28 )]
transform = Transform( -2, 1.74846e-07, 0, 7.64274e-15, 8.74228e-08, -2, -1.74846e-07, -2, -8.74228e-08, 23.2353, -3.30407, -7.60775 )

[node name="Pipe Group (Straight) 3" parent="Static Objects/Observation Deck/Pipe Group 1" instance=ExtResource( 28 )]
transform = Transform( -2, 1.74846e-07, 0, 7.64274e-15, 8.74228e-08, -2, -1.74846e-07, -2, -8.74228e-08, 23.2353, -2.18808, -7.60775 )

[node name="Pipe Group (Straight) 4" parent="Static Objects/Observation Deck/Pipe Group 1" instance=ExtResource( 28 )]
transform = Transform( -2, 1.74846e-07, 0, 7.64274e-15, 8.74228e-08, -2, -1.74846e-07, -2, -8.74228e-08, 23.2353, -1.0775, -7.60775 )

[node name="Pipe Group (Straight) 5" parent="Static Objects/Observation Deck/Pipe Group 1" instance=ExtResource( 28 )]
transform = Transform( -2, 1.74846e-07, 0, 7.64274e-15, 8.74228e-08, -2, -1.74846e-07, -2, -8.74228e-08, 23.2353, 0.0307548, -7.60775 )

[node name="Pipe Group (Straight) 6" parent="Static Objects/Observation Deck/Pipe Group 1" instance=ExtResource( 28 )]
transform = Transform( -2, 1.74846e-07, 0, 7.64274e-15, 8.74228e-08, -2, -1.74846e-07, -2, -8.74228e-08, 23.2353, 1.14895, -7.60775 )

[node name="Pipe Group (Straight) 7" parent="Static Objects/Observation Deck/Pipe Group 1" instance=ExtResource( 28 )]
transform = Transform( -2, 1.74846e-07, 0, 7.64274e-15, 8.74228e-08, -2, -1.74846e-07, -2, -8.74228e-08, 23.2353, 2.27556, -7.60775 )

[node name="Pipe Group 2" type="Node" parent="Static Objects/Observation Deck"]

[node name="Pipe Group (Straight) 1" parent="Static Objects/Observation Deck/Pipe Group 2" instance=ExtResource( 28 )]
transform = Transform( -2, 1.74846e-07, 0, 7.64274e-15, 8.74228e-08, -2, -1.74846e-07, -2, -8.74228e-08, 23.2353, -4.43125, 0.930674 )

[node name="Pipe Group (Straight) 2" parent="Static Objects/Observation Deck/Pipe Group 2" instance=ExtResource( 28 )]
transform = Transform( -2, 1.74846e-07, 0, 7.64274e-15, 8.74228e-08, -2, -1.74846e-07, -2, -8.74228e-08, 23.2353, -3.30407, 0.930674 )

[node name="Pipe Group (Straight) 3" parent="Static Objects/Observation Deck/Pipe Group 2" instance=ExtResource( 28 )]
transform = Transform( -2, 1.74846e-07, 0, 7.64274e-15, 8.74228e-08, -2, -1.74846e-07, -2, -8.74228e-08, 23.2353, -2.18808, 0.930674 )

[node name="Pipe Group (Straight) 4" parent="Static Objects/Observation Deck/Pipe Group 2" instance=ExtResource( 28 )]
transform = Transform( -2, 1.74846e-07, 0, 7.64274e-15, 8.74228e-08, -2, -1.74846e-07, -2, -8.74228e-08, 23.2353, -1.0775, 0.930674 )

[node name="Pipe Group (Straight) 5" parent="Static Objects/Observation Deck/Pipe Group 2" instance=ExtResource( 28 )]
transform = Transform( -2, 1.74846e-07, 0, 7.64274e-15, 8.74228e-08, -2, -1.74846e-07, -2, -8.74228e-08, 23.2353, 0.0307548, 0.930674 )

[node name="Pipe Group (Straight) 6" parent="Static Objects/Observation Deck/Pipe Group 2" instance=ExtResource( 28 )]
transform = Transform( -2, 1.74846e-07, 0, 7.64274e-15, 8.74228e-08, -2, -1.74846e-07, -2, -8.74228e-08, 23.2353, 1.14895, 0.930674 )

[node name="Pipe Group (Straight) 7" parent="Static Objects/Observation Deck/Pipe Group 2" instance=ExtResource( 28 )]
transform = Transform( -2, 1.74846e-07, 0, 7.64274e-15, 8.74228e-08, -2, -1.74846e-07, -2, -8.74228e-08, 23.2353, 2.27556, 0.930674 )

[node name="Pipe Group 3" type="Node" parent="Static Objects/Observation Deck"]

[node name="Pipe Group (Straight) 1" parent="Static Objects/Observation Deck/Pipe Group 3" instance=ExtResource( 28 )]
transform = Transform( -2, 1.74846e-07, 0, 7.64274e-15, 8.74228e-08, -2, -1.74846e-07, -2, -8.74228e-08, 23.2353, -4.43125, -6.36946 )

[node name="Pipe Group (Straight) 2" parent="Static Objects/Observation Deck/Pipe Group 3" instance=ExtResource( 28 )]
transform = Transform( -2, 1.74846e-07, 0, 7.64274e-15, 8.74228e-08, -2, -1.74846e-07, -2, -8.74228e-08, 23.2353, -3.30407, -6.36946 )

[node name="Pipe Group (Straight) 3" parent="Static Objects/Observation Deck/Pipe Group 3" instance=ExtResource( 28 )]
transform = Transform( -2, 1.74846e-07, 0, 7.64274e-15, 8.74228e-08, -2, -1.74846e-07, -2, -8.74228e-08, 23.2353, -2.18808, -6.36946 )

[node name="Pipe Group (Straight) 4" parent="Static Objects/Observation Deck/Pipe Group 3" instance=ExtResource( 28 )]
transform = Transform( -2, 1.74846e-07, 0, 7.64274e-15, 8.74228e-08, -2, -1.74846e-07, -2, -8.74228e-08, 23.2353, -1.0775, -6.36946 )

[node name="Pipe Group (Straight) 5" parent="Static Objects/Observation Deck/Pipe Group 3" instance=ExtResource( 28 )]
transform = Transform( -2, 1.74846e-07, 0, 7.64274e-15, 8.74228e-08, -2, -1.74846e-07, -2, -8.74228e-08, 23.2353, 0.0307548, -6.36946 )

[node name="Pipe Group (Straight) 6" parent="Static Objects/Observation Deck/Pipe Group 3" instance=ExtResource( 28 )]
transform = Transform( -2, 1.74846e-07, 0, 7.64274e-15, 8.74228e-08, -2, -1.74846e-07, -2, -8.74228e-08, 23.2353, 1.14895, -6.36946 )

[node name="Pipe Group (Straight) 7" parent="Static Objects/Observation Deck/Pipe Group 3" instance=ExtResource( 28 )]
transform = Transform( -2, 1.74846e-07, 0, 7.64274e-15, 8.74228e-08, -2, -1.74846e-07, -2, -8.74228e-08, 23.2353, 2.27556, -6.36946 )

[node name="Pipe Group 4" type="Node" parent="Static Objects/Observation Deck"]

[node name="Misc" type="Node" parent="Static Objects/Observation Deck"]

[node name="NewsPaper" parent="Static Objects/Observation Deck/Misc" instance=ExtResource( 43 )]
transform = Transform( 1, 0, 0, 0, 1, 0, 0, 0, 1, 27.4115, -3.6137, 0.453386 )

[node name="NewsPaper2" parent="Static Objects/Observation Deck/Misc" instance=ExtResource( 43 )]
transform = Transform( 0.466464, 0, -0.88454, 0, 1, 0, 0.88454, 0, 0.466464, 27.8342, -3.6137, 0.453386 )

[node name="Mug" parent="Static Objects/Observation Deck/Misc" instance=ExtResource( 42 )]
transform = Transform( 0.466464, 0, -0.88454, 0, 1, 0, 0.88454, 0, 0.466464, 27.1694, -3.562, 0.894036 )

[node name="Torpedo Bay" type="Node" parent="Static Objects"]

[node name="Torpedo Tube" parent="Static Objects/Torpedo Bay" instance=ExtResource( 29 )]
transform = Transform( 1, 0, 0, 0, 1, 0, 0, 0, 1, 18.1882, -4.1801, -6.5948 )

[node name="Caution Sign" parent="Static Objects/Torpedo Bay" instance=ExtResource( 30 )]
transform = Transform( -0.700822, 7.43453e-08, -0.713336, 0.713336, -3.11809e-08, -0.700822, -7.43453e-08, -1, -3.11809e-08, 17.408, -3.87459, 1.81499 )

[node name="Console" parent="Static Objects/Torpedo Bay" instance=ExtResource( 23 )]
transform = Transform( 1, 0, 0, 0, 1, 0, 0, 0, 1, 21.854, -3.587, -3.55345 )

[node name="Cargo Bay" type="Node" parent="Static Objects"]

[node name="Barrels" type="Node" parent="Static Objects/Cargo Bay"]

[node name="Barrel Group 1" type="Node" parent="Static Objects/Cargo Bay/Barrels"]

[node name="Barrel 1" parent="Static Objects/Cargo Bay/Barrels/Barrel Group 1" instance=ExtResource( 33 )]
transform = Transform( 1, 0, 0, 0, -4.37114e-08, 1, 0, -1, -4.37114e-08, 6.43604, -4.60205, 5.47265 )

[node name="Barrel 2" parent="Static Objects/Cargo Bay/Barrels/Barrel Group 1" instance=ExtResource( 33 )]
transform = Transform( -0.192436, -4.28944e-08, 0.981309, -0.981309, 8.41166e-09, -0.192436, 0, -1, -4.37114e-08, 5.49878, -4.60205, 5.47265 )

[node name="Barrel 3" parent="Static Objects/Cargo Bay/Barrels/Barrel Group 1" instance=ExtResource( 33 )]
transform = Transform( 0.719025, 3.03787e-08, -0.694985, 0.694985, -3.14296e-08, 0.719025, 0, -1, -4.37114e-08, 5.95397, -3.81352, 5.47265 )

[node name="Barrel 4" parent="Static Objects/Cargo Bay/Barrels/Barrel Group 1" instance=ExtResource( 33 )]
transform = Transform( 0.997011, -3.37708e-09, 0.0772585, -0.0772585, -4.35807e-08, 0.997011, 0, -1, -4.37114e-08, 4.99926, -3.81352, 5.47265 )

[node name="Barrel Group 2" type="Node" parent="Static Objects/Cargo Bay/Barrels"]

[node name="Barrel 1" parent="Static Objects/Cargo Bay/Barrels/Barrel Group 2" instance=ExtResource( 33 )]
transform = Transform( 1, 0, 0, 0, -4.37114e-08, 1, 0, -1, -4.37114e-08, 4.57334, -4.60205, 5.47265 )

[node name="Barrel 2" parent="Static Objects/Cargo Bay/Barrels/Barrel Group 2" instance=ExtResource( 33 )]
transform = Transform( -0.192436, -4.28944e-08, 0.981309, -0.981309, 8.41166e-09, -0.192436, 0, -1, -4.37114e-08, 3.63608, -4.60205, 5.47265 )

[node name="Barrel 3" parent="Static Objects/Cargo Bay/Barrels/Barrel Group 2" instance=ExtResource( 33 )]
transform = Transform( 0.719025, 3.03787e-08, -0.694985, 0.694985, -3.14296e-08, 0.719025, 0, -1, -4.37114e-08, 4.09127, -3.81352, 5.47265 )

[node name="Barrel 4" parent="Static Objects/Cargo Bay/Barrels/Barrel Group 2" instance=ExtResource( 33 )]
transform = Transform( 0.997011, -3.37708e-09, 0.0772585, -0.0772585, -4.35807e-08, 0.997011, 0, -1, -4.37114e-08, 3.13656, -3.81352, 5.47265 )

[node name="Barrel Group 3" type="Node" parent="Static Objects/Cargo Bay/Barrels"]

[node name="Barrel 1" parent="Static Objects/Cargo Bay/Barrels/Barrel Group 3" instance=ExtResource( 33 )]
transform = Transform( 1, 0, 0, 0, -4.37114e-08, 1, 0, -1, -4.37114e-08, 2.6909, -4.60205, 5.47265 )

[node name="Barrel 2" parent="Static Objects/Cargo Bay/Barrels/Barrel Group 3" instance=ExtResource( 33 )]
transform = Transform( -0.192436, -4.28944e-08, 0.981309, -0.981309, 8.41166e-09, -0.192436, 0, -1, -4.37114e-08, 1.75364, -4.60205, 5.47265 )

[node name="Barrel 3" parent="Static Objects/Cargo Bay/Barrels/Barrel Group 3" instance=ExtResource( 33 )]
transform = Transform( 0.719025, 3.03787e-08, -0.694985, 0.694985, -3.14296e-08, 0.719025, 0, -1, -4.37114e-08, 2.20883, -3.81352, 5.47265 )

[node name="Barrel Group 4" type="Node" parent="Static Objects/Cargo Bay/Barrels"]

[node name="Barrel 1" parent="Static Objects/Cargo Bay/Barrels/Barrel Group 4" instance=ExtResource( 33 )]
transform = Transform( 1, 0, 0, 0, -4.37114e-08, 1, 0, -1, -4.37114e-08, 4.57663, -3.14988, 5.47265 )

[node name="Barrel 2" parent="Static Objects/Cargo Bay/Barrels/Barrel Group 4" instance=ExtResource( 33 )]
transform = Transform( -0.192436, -4.28944e-08, 0.981309, -0.981309, 8.41166e-09, -0.192436, 0, -1, -4.37114e-08, 3.63937, -3.14988, 5.47265 )

[node name="Barrel 1" parent="Static Objects/Cargo Bay/Barrels" instance=ExtResource( 33 )]
transform = Transform( 1, 0, 0, 0, 1, 0, 0, 0, 1, 8.26709, -4.43153, 4.43958 )

[node name="Barrel 4" parent="Static Objects/Cargo Bay/Barrels" instance=ExtResource( 33 )]
transform = Transform( 0.112284, 0, 0.993676, 0, 1, 0, -0.993676, 0, 0.112284, 11.1751, -4.43153, 4.70327 )

[node name="Barrel 3" parent="Static Objects/Cargo Bay/Barrels" instance=ExtResource( 33 )]
transform = Transform( 1, 0, 0, 0, 1, 0, 0, 0, 1, 9.8525, -4.43153, -5.30064 )

[node name="Barrel 2" parent="Static Objects/Cargo Bay/Barrels" instance=ExtResource( 33 )]
transform = Transform( 0.843026, 0.360103, -0.399542, 0, 0.742818, 0.669494, 0.537874, -0.5644, 0.626214, 7.89974, -4.34131, 5.4218 )

[node name="Barrel (Oil)" parent="Static Objects/Cargo Bay/Barrels" instance=ExtResource( 27 )]
transform = Transform( 1, 0, 0, 0, 1, 0, 0, 0, 1, 1.26336, -4.57162, -5.25062 )

[node name="Barrel (Oil)2" parent="Static Objects/Cargo Bay/Barrels" instance=ExtResource( 27 )]
transform = Transform( -0.00200404, 0.973068, -0.230508, -0.999998, -0.0020595, 0, -0.000474732, 0.230508, 0.97307, -5.3734, -4.64521, 3.59945 )

[node name="Misc" type="Node" parent="Static Objects/Cargo Bay"]

[node name="Mechanical Arm" parent="Static Objects/Cargo Bay/Misc" instance=ExtResource( 36 )]
